ID	Sport	Sex	Age_(y)	Bodymass_(kg)	10m_(s)	20m_(s)	30m_(s)	40m_(s)	F0_(N/kg)	V0_(m/s)	P0_(W/kg)	FV_Slope_(N/s/m/kg)	RF_max_(%)	DRF_(%)
1	Alpine_skiing	M	21	77	2.02	3.27	4.46	5.64	8.69	8.86	19.26	-0.98	47.24%	-9.10%
2	Alpine_skiing	M	23	81	2.04	3.29	4.44	5.65	8.08	9.20	18.58	-0.88	46.48%	-8.15%
3	Alpine_skiing	M	23	81	2.10	3.37	4.60	5.79	8.02	8.68	17.39	-0.92	45.36%	-8.63%
4	Alpine_skiing	M	27	82	2.05	3.32	4.49	5.67	8.13	8.97	18.22	-0.91	46.18%	-8.43%
5	Alpine_skiing	M	20	83	2.11	3.42	4.63	5.83	7.80	8.63	16.83	-0.90	44.75%	-8.46%
6	Alpine_skiing	M	21	85	1.98	3.17	4.34	5.45	8.96	9.22	20.64	-0.97	48.52%	-8.96%
7	Alpine_skiing	M	21	85	2.04	3.30	4.43	5.59	7.97	9.27	18.47	-0.86	46.34%	-7.98%
8	Alpine_skiing	M	24	85	1.99	3.24	4.39	5.51	8.72	9.09	19.81	-0.96	47.76%	-8.88%
9	Alpine_skiing	M	30	86	2.14	3.45	4.65	5.86	7.31	8.82	16.11	-0.83	43.80%	-7.77%
10	Alpine_skiing	M	30	86	2.03	3.23	4.33	5.43	7.93	9.77	19.37	-0.81	47.05%	-7.49%
11	Alpine_skiing	M	26	87	2.01	3.25	4.41	5.55	8.53	9.11	19.42	-0.94	47.38%	-8.68%
12	Alpine_skiing	M	31	87	2.02	3.31	4.53	5.72	8.98	8.49	19.06	-1.06	47.00%	-9.85%
13	Alpine_skiing	M	26	92	2.04	3.34	4.53	5.68	8.49	8.65	18.36	-0.98	46.38%	-9.16%
14	Alpine_skiing	W	19	56	2.19	3.66	5.04	6.47	8.16	7.36	15.03	-1.11	42.66%	-10.50%
15	Alpine_skiing	W	23	64	2.19	3.58	4.88	6.20	7.42	8.02	14.88	-0.93	42.60%	-8.74%
16	Alpine_skiing	W	23	65	2.22	3.69	5.03	6.40	7.47	7.58	14.16	-0.99	41.77%	-9.35%
17	Alpine_skiing	W	19	65	2.11	3.44	4.67	5.95	7.87	8.48	16.69	-0.93	44.62%	-8.69%
18	Alpine_skiing	W	19	67	2.20	3.63	5.02	6.39	8.00	7.46	14.91	-1.07	42.60%	-10.16%
19	Alpine_skiing	W	29	67	2.19	3.64	4.95	6.32	7.59	7.74	14.69	-0.98	42.41%	-9.29%
20	Alpine_skiing	W	21	68	2.13	3.47	4.72	5.97	7.83	8.32	16.30	-0.94	44.22%	-8.83%
21	Alpine_skiing	W	26	68	2.29	3.75	5.14	6.51	7.00	7.50	13.12	-0.93	40.45%	-8.89%
22	Alpine_skiing	W	24	70	2.20	3.64	5.00	6.40	7.75	7.56	14.66	-1.03	42.35%	-9.72%
23	Alpine_skiing	W	23	71	2.23	3.65	5.00	6.34	7.39	7.70	14.22	-0.96	41.85%	-9.10%
24	Athletics_jumping	M	24	68	1.92	3.10	4.15	5.17	8.88	10.08	22.38	-0.88	49.91%	-8.01%
25	Athletics_jumping	M	16	72	2.01	3.18	4.26	5.30	7.92	10.17	20.12	-0.78	47.59%	-7.14%
26	Athletics_jumping	M	23	74	1.95	3.12	4.18	5.23	8.52	10.13	21.57	-0.84	49.13%	-7.68%
27	Athletics_jumping	M	20	75	1.98	3.25	4.36	5.43	8.56	9.26	19.83	-0.92	47.74%	-8.54%
28	Athletics_jumping	M	20	75	1.97	3.14	4.25	5.31	8.68	9.72	21.09	-0.89	48.84%	-8.18%
29	Athletics_jumping	M	23	78	2.03	3.19	4.26	5.31	7.61	10.40	19.79	-0.73	47.04%	-6.72%
30	Athletics_jumping	M	27	80	1.94	3.10	4.16	5.20	8.75	10.08	22.04	-0.87	49.61%	-7.92%
31	Athletics_jumping	M	26	84	2.03	3.25	4.37	5.43	7.99	9.54	19.07	-0.84	46.86%	-7.75%
32	Athletics_jumping	M	18	90	1.91	3.08	4.11	5.14	8.82	10.24	22.58	-0.86	50.04%	-7.85%
33	Athletics_jumping	W	19	56	2.02	3.29	4.46	5.64	8.58	8.92	19.13	-0.96	47.10%	-8.89%
34	Athletics_jumping	W	18	59	2.06	3.34	4.53	5.69	8.15	8.86	18.07	-0.92	46.04%	-8.55%
35	Athletics_jumping	W	17	59	2.09	3.34	4.48	5.60	7.44	9.47	17.60	-0.79	45.19%	-7.29%
36	Athletics_jumping	W	31	60	2.18	3.56	4.84	6.11	7.53	8.10	15.24	-0.93	43.01%	-8.76%
37	Athletics_jumping	W	17	61	2.17	3.53	4.78	6.01	7.35	8.37	15.37	-0.88	43.09%	-8.26%
38	Athletics_jumping	W	20	61	2.12	3.45	4.67	5.89	7.66	8.59	16.45	-0.89	44.31%	-8.34%
39	Athletics_jumping	W	18	62	2.04	3.32	4.49	5.65	8.26	8.94	18.46	-0.92	46.43%	-8.58%
40	Athletics_jumping	W	24	65	2.09	3.34	4.52	5.68	7.73	9.12	17.61	-0.85	45.43%	-7.88%
41	Athletics_sprinting	M	20	67	1.89	3.03	4.08	5.12	9.28	10.21	23.67	-0.91	51.02%	-8.23%
42	Athletics_sprinting	M	19	69	1.86	2.96	3.96	4.95	9.24	10.88	25.14	-0.85	52.02%	-7.63%
43	Athletics_sprinting	M	17	70	1.92	3.07	4.12	5.15	8.84	10.25	22.65	-0.86	50.10%	-7.84%
44	Athletics_sprinting	M	21	71	1.91	3.09	4.14	5.18	8.98	10.04	22.53	-0.89	50.07%	-8.14%
45	Athletics_sprinting	M	17	72	1.95	3.12	4.18	5.23	8.52	10.14	21.58	-0.84	49.13%	-7.67%
46	Athletics_sprinting	M	24	72	1.86	3.00	4.00	5.03	9.26	10.60	24.52	-0.87	51.62%	-7.88%
47	Athletics_sprinting	M	26	75	1.91	3.09	4.20	5.30	9.56	9.50	22.72	-1.01	50.30%	-9.20%
48	Athletics_sprinting	M	23	79	1.93	3.06	4.07	5.08	8.28	10.93	22.62	-0.76	49.66%	-6.87%
49	Athletics_sprinting	W	18	57	1.98	3.21	4.35	5.44	8.80	9.25	20.34	-0.95	48.23%	-8.76%
50	Athletics_sprinting	W	24	57	1.98	3.20	4.34	5.42	8.80	9.29	20.44	-0.95	48.31%	-8.70%
51	Athletics_sprinting	W	17	58	2.01	3.24	4.37	5.48	8.27	9.43	19.49	-0.88	47.34%	-8.08%
52	Athletics_sprinting	W	20	58	2.02	3.27	4.42	5.55	8.35	9.18	19.16	-0.91	47.09%	-8.40%
53	Athletics_sprinting	W	18	62	2.03	3.29	4.47	5.64	8.48	8.93	18.93	-0.95	46.92%	-8.80%
54	Athletics_throwing	M	21	83	1.97	3.20	4.35	5.47	9.06	9.10	20.61	-1.00	48.49%	-9.19%
55	Athletics_throwing	M	30	90	2.00	3.23	4.36	5.48	8.46	9.31	19.69	-0.91	47.61%	-8.40%
56	Athletics_throwing	M	19	91	2.11	3.36	4.55	5.68	7.58	9.05	17.15	-0.84	44.94%	-7.83%
57	Athletics_throwing	M	29	91	1.92	3.12	4.19	5.25	9.05	9.72	22.00	-0.93	49.69%	-8.53%
58	Athletics_throwing	M	26	97	2.03	3.29	4.44	5.57	8.20	9.10	18.65	-0.90	46.60%	-8.38%
59	Athletics_throwing	M	18	99	1.99	3.22	4.33	5.42	8.43	9.43	19.87	-0.89	47.75%	-8.27%
60	Athletics_throwing	M	17	100	2.12	3.43	4.62	5.81	7.48	8.79	16.45	-0.85	44.24%	-7.98%
61	Athletics_throwing	M	17	101	2.17	3.53	4.77	6.02	7.29	8.37	15.26	-0.87	42.96%	-8.22%
62	Athletics_throwing	M	23	105	2.02	3.28	4.44	5.61	8.48	8.97	19.00	-0.95	47.00%	-8.79%
63	Athletics_throwing	M	20	106	2.04	3.25	4.34	5.41	7.66	9.86	18.88	-0.78	46.45%	-7.19%
64	Athletics_throwing	M	28	107	2.08	3.35	4.52	5.67	7.76	9.01	17.48	-0.86	45.35%	-8.04%
65	Athletics_throwing	M	26	108	2.00	3.34	4.51	5.65	8.92	8.51	18.96	-1.05	46.94%	-9.78%
66	Athletics_throwing	M	17	111	2.04	3.38	4.56	5.75	8.40	8.54	17.93	-0.98	45.96%	-9.20%
67	Athletics_throwing	M	22	112	1.95	3.20	4.30	5.39	8.92	9.28	20.68	-0.96	48.57%	-8.88%
68	Athletics_throwing	W	21	64	2.06	3.34	4.53	5.72	8.17	8.84	18.05	-0.92	46.02%	-8.59%
69	Athletics_throwing	W	20	66	2.18	3.57	4.83	6.05	7.31	8.21	15.00	-0.89	42.69%	-8.40%
70	Athletics_throwing	W	18	71	2.10	3.48	4.77	6.02	8.49	7.94	16.84	-1.07	44.75%	-10.05%
71	Athletics_throwing	W	18	75	2.17	3.49	4.72	5.93	7.21	8.63	15.55	-0.84	43.19%	-7.85%
72	Athletics_throwing	W	19	76	2.18	3.54	4.81	6.02	7.37	8.24	15.19	-0.89	42.92%	-8.44%
73	Athletics_throwing	W	22	76	2.08	3.45	4.71	5.98	8.51	8.09	17.20	-1.05	45.16%	-9.88%
74	Athletics_throwing	W	17	76	2.25	3.64	4.96	6.30	6.97	7.98	13.91	-0.87	41.36%	-8.29%
75	Athletics_throwing	W	18	79	2.17	3.57	4.84	6.16	7.50	8.07	15.13	-0.93	42.90%	-8.77%
76	Athletics_throwing	W	29	82	2.22	3.65	5.01	6.37	7.56	7.60	14.36	-0.99	42.01%	-9.45%
77	Athletics_throwing	W	21	85	2.18	3.60	4.95	6.27	7.95	7.62	15.14	-1.04	42.91%	-9.89%
78	Bandy	M	19	65	2.09	3.40	4.62	5.80	8.03	8.59	17.25	-0.93	45.22%	-8.72%
79	Bandy	M	18	66	2.04	3.28	4.45	5.57	8.25	9.12	18.81	-0.90	46.74%	-8.38%
80	Bandy	M	18	69	2.06	3.34	4.54	5.74	8.24	8.77	18.08	-0.94	46.07%	-8.74%
81	Bandy	M	18	69	2.17	3.53	4.76	6.01	7.21	8.49	15.31	-0.85	42.95%	-7.98%
82	Bandy	M	18	70	2.13	3.41	4.62	5.80	7.49	8.87	16.60	-0.84	44.37%	-7.89%
83	Bandy	M	18	72	2.11	3.40	4.62	5.87	7.79	8.70	16.95	-0.90	44.85%	-8.36%
84	Bandy	M	19	72	2.11	3.42	4.67	5.91	8.01	8.43	16.89	-0.95	44.86%	-8.89%
85	Bandy	M	19	72	2.08	3.37	4.59	5.80	8.15	8.64	17.60	-0.94	45.59%	-8.81%
86	Bandy	M	18	72	2.06	3.32	4.49	5.64	8.01	9.06	18.15	-0.88	46.06%	-8.21%
87	Bandy	M	19	75	2.08	3.31	4.48	5.63	7.77	9.25	17.96	-0.84	45.77%	-7.80%
88	Bandy	M	19	77	2.09	3.39	4.60	5.80	7.96	8.67	17.25	-0.92	45.21%	-8.57%
89	Bandy	M	18	77	2.08	3.36	4.55	5.72	7.93	8.87	17.57	-0.89	45.50%	-8.33%
90	Bandy	M	26	77	2.05	3.33	4.59	5.80	8.87	8.37	18.56	-1.06	46.52%	-9.89%
91	Bandy	M	18	78	2.11	3.37	4.57	5.76	7.65	8.96	17.12	-0.85	44.94%	-7.97%
92	Bandy	M	18	79	2.04	3.29	4.46	5.62	8.26	9.04	18.67	-0.91	46.63%	-8.48%
93	Bandy	M	26	80	2.08	3.33	4.50	5.67	7.77	9.14	17.77	-0.85	45.61%	-7.91%
94	Bandy	M	26	82	1.95	3.23	4.37	5.55	9.29	8.90	20.66	-1.04	48.51%	-9.64%
95	Bandy	M	18	83	2.23	3.62	4.92	6.22	7.05	8.05	14.20	-0.88	41.71%	-8.29%
96	Bandy	M	18	83	2.15	3.49	4.75	6.00	7.63	8.31	15.86	-0.92	43.72%	-8.63%
97	Bandy	M	18	84	2.15	3.48	4.70	5.92	7.36	8.60	15.82	-0.86	43.55%	-8.04%
98	Bandy	M	17	90	2.11	3.44	4.67	5.89	7.88	8.44	16.64	-0.93	44.59%	-8.76%
99	Bandy	M	22	92	2.04	3.42	4.65	5.92	8.84	8.13	17.96	-1.09	45.88%	-10.18%
100	Bandy	M	18	98	2.17	3.45	4.65	5.85	7.02	8.98	15.77	-0.78	43.24%	-7.34%
101	Bandy	W	25	52	2.25	3.71	5.10	6.54	7.42	7.47	13.85	-0.99	41.38%	-9.43%
102	Bandy	W	19	55	2.15	3.59	4.95	6.35	8.41	7.52	15.81	-1.12	43.53%	-10.55%
103	Bandy	W	19	57	2.20	3.67	5.06	6.46	8.02	7.36	14.76	-1.09	42.39%	-10.32%
104	Bandy	W	16	59	2.42	4.03	5.55	7.13	6.57	6.74	11.07	-0.98	37.67%	-9.38%
105	Bandy	W	26	60	2.37	3.92	5.37	6.85	6.62	7.09	11.75	-0.93	38.60%	-8.94%
106	Bandy	W	18	60	2.25	3.74	5.16	6.63	7.65	7.24	13.84	-1.06	41.32%	-10.05%
107	Bandy	W	19	62	2.25	3.73	5.12	6.54	7.44	7.39	13.74	-1.01	41.24%	-9.58%
108	Bandy	W	21	63	2.25	3.71	5.13	6.57	7.63	7.32	13.96	-1.04	41.49%	-9.91%
109	Bandy	W	32	68	2.22	3.60	4.96	6.32	7.53	7.77	14.64	-0.97	42.34%	-9.17%
110	Bandy	W	30	68	2.34	3.81	5.23	6.65	6.71	7.39	12.39	-0.91	39.47%	-8.67%
111	Bandy	W	19	69	2.34	3.84	5.27	6.76	6.78	7.26	12.30	-0.93	39.37%	-8.93%
112	Bandy	W	25	77	2.28	3.76	5.20	6.68	7.44	7.20	13.39	-1.03	40.79%	-9.87%
113	Bandy	W	30	82	2.31	3.81	5.23	6.69	7.02	7.25	12.71	-0.97	39.94%	-9.26%
114	Basket	M	21	70	2.02	3.30	4.46	5.62	8.52	8.92	19.01	-0.95	46.99%	-8.85%
115	Basket	M	18	75	2.05	3.37	4.58	5.79	8.42	8.54	17.98	-0.99	45.99%	-9.19%
116	Basket	M	21	78	2.11	3.49	4.72	5.97	7.83	8.31	16.26	-0.94	44.18%	-8.85%
117	Basket	M	27	86	2.05	3.34	4.50	5.70	8.17	8.88	18.15	-0.92	46.13%	-8.57%
118	Basket	M	24	88	2.00	3.26	4.43	5.56	8.84	8.86	19.59	-1.00	47.56%	-9.25%
119	Basket	M	20	89	2.14	3.50	4.78	6.03	7.91	8.11	16.04	-0.98	43.95%	-9.19%
120	Basket	M	20	89	1.97	3.16	4.29	5.38	8.92	9.39	20.94	-0.95	48.78%	-8.74%
121	Basket	M	26	93	1.99	3.26	4.41	5.56	8.84	8.92	19.70	-0.99	47.67%	-9.19%
122	Basket	M	28	95	2.18	3.53	4.79	6.05	7.25	8.36	15.15	-0.87	42.82%	-8.19%
123	Basket	M	22	101	2.09	3.40	4.59	5.78	7.91	8.67	17.15	-0.91	45.10%	-8.54%
124	Beach/volleyball	M	22	70	2.12	3.47	4.77	6.10	8.28	8.03	16.62	-1.03	44.56%	-9.68%
125	Beach/volleyball	M	25	71	2.04	3.37	4.60	5.84	8.78	8.35	18.33	-1.05	46.29%	-9.82%
126	Beach/volleyball	M	22	75	2.09	3.42	4.67	5.93	8.27	8.31	17.19	-1.00	45.18%	-9.32%
127	Beach/volleyball	M	20	82	2.02	3.30	4.46	5.64	8.45	8.93	18.86	-0.95	46.86%	-8.80%
128	Beach/volleyball	M	21	85	2.08	3.32	4.48	5.77	7.70	9.26	17.83	-0.83	45.62%	-7.74%
129	Beach/volleyball	M	31	86	2.03	3.34	4.55	5.76	8.75	8.50	18.58	-1.03	46.57%	-9.60%
130	Beach/volleyball	M	20	86	2.12	3.48	4.76	6.03	8.14	8.08	16.43	-1.01	44.38%	-9.48%
131	Beach/volleyball	M	26	86	2.05	3.40	4.64	5.85	8.75	8.21	17.96	-1.07	45.91%	-9.97%
132	Beach/volleyball	M	24	87	2.06	3.44	4.65	5.90	8.39	8.28	17.36	-1.01	45.36%	-9.50%
133	Beach/volleyball	M	28	87	2.04	3.34	4.53	5.71	8.44	8.67	18.31	-0.97	46.33%	-9.07%
134	Beach/volleyball	M	19	88	1.98	3.28	4.44	5.66	9.03	8.74	19.73	-1.03	47.67%	-9.59%
135	Beach/volleyball	M	26	88	1.97	3.17	4.32	5.59	9.04	9.22	20.85	-0.98	48.71%	-9.04%
136	Beach/volleyball	M	28	88	2.06	3.38	4.63	5.86	8.67	8.28	17.95	-1.05	45.93%	-9.80%
137	Beach/volleyball	M	19	89	2.05	3.38	4.59	5.80	8.49	8.45	17.93	-1.00	45.94%	-9.39%
138	Beach/volleyball	M	23	90	2.00	3.26	4.45	5.63	8.92	8.78	19.59	-1.02	47.55%	-9.43%
139	Beach/volleyball	M	30	90	2.01	3.29	4.44	5.59	8.59	8.91	19.13	-0.96	47.12%	-8.95%
140	Beach/volleyball	M	21	91	1.98	3.25	4.44	5.61	9.28	8.67	20.13	-1.07	47.99%	-9.93%
141	Beach/volleyball	M	20	92	2.09	3.42	4.75	6.09	8.93	7.88	17.59	-1.13	45.41%	-10.65%
142	Beach/volleyball	M	24	94	2.08	3.45	4.64	5.86	7.97	8.46	16.87	-0.94	44.84%	-8.84%
143	Beach/volleyball	M	26	95	2.08	3.44	4.68	5.91	8.35	8.21	17.14	-1.02	45.13%	-9.55%
144	Beach/volleyball	M	36	98	1.98	3.21	4.37	5.58	9.00	9.03	20.31	-1.00	48.22%	-9.23%
145	Beach/volleyball	M	21	99	1.98	3.23	4.45	5.61	9.56	8.57	20.46	-1.12	48.21%	-10.36%
146	Beach/volleyball	M	24	100	2.03	3.27	4.47	5.64	8.64	8.82	19.05	-0.98	47.06%	-9.12%
147	Bobsleigh	M	27	88	1.88	3.06	4.09	5.13	9.18	10.13	23.24	-0.91	50.68%	-8.25%
148	Bobsleigh	M	27	89	1.90	3.04	4.15	5.19	9.64	9.68	23.33	-1.00	50.81%	-9.08%
149	Bobsleigh	M	28	89	1.91	3.08	4.15	5.19	9.27	9.81	22.75	-0.94	50.33%	-8.63%
150	Bobsleigh	M	26	90	1.98	3.21	4.31	5.38	8.54	9.48	20.22	-0.90	48.08%	-8.31%
151	Bobsleigh	M	27	92	1.90	3.06	4.10	5.09	9.11	10.14	23.10	-0.90	50.56%	-8.18%
152	Bobsleigh	M	30	93	1.91	3.10	4.20	5.30	9.38	9.54	22.37	-0.98	50.02%	-9.02%
153	Bobsleigh	M	24	97	1.96	3.17	4.23	5.31	8.40	9.89	20.78	-0.85	48.47%	-7.81%
154	Bobsleigh	M	24	99	1.94	3.14	4.21	5.25	8.83	9.76	21.52	-0.90	49.25%	-8.31%
155	Bobsleigh	M	27	99	1.90	3.05	4.13	5.17	9.43	9.83	23.17	-0.96	50.68%	-8.76%
156	Combat_sports	M	24	57	2.06	3.35	4.53	5.71	8.05	8.94	17.99	-0.90	45.92%	-8.35%
157	Combat_sports	M	18	58	2.12	3.44	4.67	5.91	7.74	8.57	16.60	-0.90	44.48%	-8.44%
158	Combat_sports	M	22	58	2.11	3.50	4.86	6.41	8.92	7.63	17.02	-1.17	44.71%	-10.98%
159	Combat_sports	M	25	62	2.08	3.36	4.58	5.77	8.14	8.70	17.71	-0.94	45.69%	-8.71%
160	Combat_sports	M	20	63	2.14	3.47	4.69	5.91	7.45	8.63	16.08	-0.86	43.85%	-8.09%
161	Combat_sports	M	25	64	2.04	3.33	4.51	5.68	8.31	8.85	18.39	-0.94	46.37%	-8.72%
162	Combat_sports	M	21	65	2.11	3.39	4.63	5.87	7.93	8.63	17.10	-0.92	45.04%	-8.58%
163	Combat_sports	M	18	65	2.17	3.51	4.75	6.00	7.27	8.52	15.48	-0.85	43.15%	-8.01%
164	Combat_sports	M	18	66	2.19	3.52	4.75	5.95	7.00	8.67	15.17	-0.81	42.65%	-7.58%
165	Combat_sports	M	21	67	2.08	3.39	4.64	5.90	8.39	8.39	17.59	-1.00	45.58%	-9.34%
166	Combat_sports	M	25	67	2.05	3.37	4.59	5.78	8.55	8.47	18.11	-1.01	46.10%	-9.41%
167	Combat_sports	M	18	70	2.24	3.61	5.00	6.36	7.51	7.70	14.44	-0.98	42.11%	-9.24%
168	Combat_sports	M	27	71	2.08	3.39	4.62	5.84	8.23	8.50	17.49	-0.97	45.49%	-9.05%
169	Combat_sports	M	21	72	1.97	3.23	4.41	5.55	9.33	8.79	20.50	-1.06	48.33%	-9.81%
170	Combat_sports	M	23	73	2.08	3.35	4.53	5.70	7.85	8.98	17.62	-0.87	45.51%	-8.13%
171	Combat_sports	M	22	74	2.11	3.41	4.58	5.78	7.54	8.94	16.85	-0.84	44.63%	-7.87%
172	Combat_sports	M	27	74	2.17	3.56	4.85	6.18	7.62	8.02	15.28	-0.95	43.09%	-8.97%
173	Combat_sports	M	29	74	2.02	3.30	4.52	5.74	8.95	8.55	19.15	-1.05	47.10%	-9.73%
174	Combat_sports	M	25	75	2.02	3.25	4.44	5.62	8.68	8.95	19.42	-0.97	47.39%	-8.99%
175	Combat_sports	M	21	76	1.97	3.20	4.34	5.47	8.95	9.18	20.56	-0.97	48.44%	-8.99%
176	Combat_sports	M	27	80	2.04	3.30	4.44	5.60	8.08	9.18	18.53	-0.88	46.44%	-8.17%
177	Combat_sports	M	30	83	2.17	3.47	4.68	5.87	7.08	8.85	15.66	-0.80	43.19%	-7.51%
178	Combat_sports	M	23	84	2.08	3.36	4.57	5.78	8.08	8.72	17.61	-0.93	45.59%	-8.65%
179	Combat_sports	M	34	84	2.06	3.31	4.48	5.61	8.02	9.08	18.20	-0.88	46.12%	-8.21%
180	Combat_sports	M	19	84	2.11	3.42	4.66	5.86	8.00	8.44	16.88	-0.95	44.85%	-8.89%
181	Combat_sports	M	19	85	2.06	3.39	4.62	5.86	8.51	8.36	17.79	-1.02	45.79%	-9.53%
182	Combat_sports	M	25	85	1.94	3.12	4.25	5.31	9.30	9.40	21.85	-0.99	49.58%	-9.08%
183	Combat_sports	M	23	86	2.00	3.20	4.30	5.37	8.21	9.73	19.96	-0.84	47.71%	-7.78%
184	Combat_sports	M	19	88	2.10	3.42	4.66	5.89	8.03	8.43	16.92	-0.95	44.90%	-8.92%
185	Combat_sports	M	17	91	2.06	3.32	4.52	5.74	8.25	8.81	18.18	-0.94	46.18%	-8.73%
186	Combat_sports	M	18	95	2.09	3.39	4.55	5.70	7.61	8.99	17.09	-0.85	44.90%	-7.91%
187	Combat_sports	M	17	98	2.16	3.44	4.62	5.77	6.99	9.11	15.93	-0.77	43.36%	-7.20%
188	Combat_sports	W	25	50	2.33	3.89	5.41	6.87	7.45	6.79	12.65	-1.10	39.74%	-10.48%
189	Combat_sports	W	16	52	2.19	3.58	4.91	6.22	7.66	7.88	15.09	-0.97	42.86%	-9.16%
190	Combat_sports	W	22	56	2.41	3.97	5.44	6.93	6.37	7.04	11.22	-0.90	37.83%	-8.68%
191	Combat_sports	W	16	56	2.33	3.84	5.30	6.78	7.05	7.12	12.55	-0.99	39.71%	-9.45%
192	Combat_sports	W	22	57	2.22	3.70	5.05	6.41	7.51	7.53	14.13	-1.00	41.73%	-9.46%
193	Combat_sports	W	19	58	2.17	3.55	4.85	6.18	7.68	8.02	15.41	-0.96	43.23%	-9.02%
194	Combat_sports	W	33	59	2.41	4.00	5.52	7.06	6.66	6.78	11.28	-0.98	37.96%	-9.44%
195	Combat_sports	W	30	61	2.33	3.81	5.23	6.69	6.80	7.36	12.52	-0.92	39.65%	-8.82%
196	Combat_sports	W	32	61	2.29	3.80	5.24	6.69	7.34	7.15	13.12	-1.03	40.45%	-9.80%
197	Combat_sports	W	29	62	2.34	3.82	5.24	6.69	6.71	7.37	12.36	-0.91	39.43%	-8.69%
198	Combat_sports	W	27	62	2.34	3.89	5.41	6.95	7.34	6.81	12.48	-1.08	39.56%	-10.33%
199	Combat_sports	W	17	63	2.34	3.83	5.23	6.66	6.60	7.43	12.26	-0.89	39.26%	-8.48%
200	Combat_sports	W	28	63	2.26	3.70	5.05	6.41	7.06	7.70	13.60	-0.92	41.04%	-8.71%
201	Combat_sports	W	19	65	2.28	3.70	5.08	6.39	7.04	7.64	13.45	-0.92	40.86%	-8.75%
202	Combat_sports	W	24	67	2.30	3.84	5.23	6.74	6.95	7.26	12.63	-0.96	39.83%	-9.14%
203	Combat_sports	W	27	70	2.26	3.70	5.06	6.44	7.13	7.64	13.61	-0.93	41.08%	-8.87%
204	Combat_sports	W	17	70	2.25	3.70	5.08	6.45	7.36	7.50	13.81	-0.98	41.35%	-9.33%
205	Cross_country_skiing	M	18	66	2.16	3.53	4.78	6.05	7.45	8.32	15.49	-0.90	43.26%	-8.42%
206	Cross_country_skiing	M	25	69	2.12	3.44	4.65	5.80	7.61	8.69	16.53	-0.88	44.37%	-8.19%
207	Cross_country_skiing	M	23	71	2.26	3.66	4.95	6.26	6.69	8.16	13.63	-0.82	40.86%	-7.77%
208	Cross_country_skiing	M	25	71	2.06	3.32	4.48	5.64	7.93	9.14	18.13	-0.87	46.01%	-8.06%
209	Cross_country_skiing	M	19	72	2.05	3.36	4.56	5.75	8.39	8.62	18.08	-0.97	46.08%	-9.07%
210	Cross_country_skiing	M	22	72	2.15	3.49	4.77	6.05	7.82	8.19	16.02	-0.95	43.92%	-8.98%
211	Cross_country_skiing	M	24	72	2.13	3.53	4.81	5.98	8.02	7.98	16.01	-1.00	43.90%	-9.46%
212	Cross_country_skiing	M	19	74	2.14	3.50	4.80	6.05	8.04	8.02	16.12	-1.00	44.03%	-9.42%
213	Cross_country_skiing	M	31	74	2.23	3.62	4.93	6.18	7.12	8.02	14.27	-0.89	41.82%	-8.40%
214	Cross_country_skiing	M	20	77	1.95	3.12	4.27	5.34	9.32	9.34	21.77	-1.00	49.50%	-9.17%
215	Cross_country_skiing	M	19	78	2.05	3.39	4.58	5.77	8.33	8.55	17.80	-0.97	45.81%	-9.10%
216	Cross_country_skiing	M	19	79	1.98	3.22	4.31	5.37	8.39	9.55	20.05	-0.88	47.87%	-8.09%
217	Cross_country_skiing	M	23	79	2.24	3.61	4.91	6.17	6.93	8.16	14.12	-0.85	41.56%	-8.04%
218	Cross_country_skiing	M	19	80	2.00	3.25	4.39	5.53	8.54	9.16	19.57	-0.93	47.51%	-8.63%
219	Cross_country_skiing	M	24	80	2.20	3.62	4.96	6.29	7.64	7.72	14.73	-0.99	42.46%	-9.38%
220	Cross_country_skiing	W	28	52	2.43	4.03	5.54	7.05	6.42	6.82	10.95	-0.94	37.47%	-9.05%
221	Cross_country_skiing	W	18	53	2.17	3.53	4.80	6.12	7.47	8.28	15.45	-0.90	43.21%	-8.47%
222	Cross_country_skiing	W	19	60	2.16	3.50	4.78	6.05	7.65	8.25	15.77	-0.93	43.62%	-8.70%
223	Cross_country_skiing	W	20	60	2.38	3.98	5.51	7.05	7.01	6.69	11.73	-1.05	38.57%	-10.06%
224	Cross_country_skiing	W	19	61	2.28	3.73	5.14	6.52	7.23	7.43	13.43	-0.97	40.86%	-9.26%
225	Cross_country_skiing	W	18	63	2.28	3.72	5.08	6.50	6.92	7.68	13.30	-0.90	40.64%	-8.57%
226	Cross_country_skiing	W	19	65	2.25	3.70	5.07	6.42	7.30	7.56	13.79	-0.97	41.31%	-9.17%
227	Cross_country_skiing	W	19	66	2.19	3.64	5.04	6.40	8.21	7.36	15.09	-1.12	42.73%	-10.57%
228	Fencing	M	23	69	2.10	3.43	4.67	5.88	8.05	8.41	16.92	-0.96	44.89%	-8.96%
229	Fencing	M	24	74	2.07	3.38	4.60	5.81	8.29	8.53	17.68	-0.97	45.68%	-9.07%
230	Fencing	M	24	74	2.13	3.47	4.71	5.95	7.71	8.41	16.22	-0.92	44.11%	-8.61%
231	Fencing	M	24	75	2.16	3.54	4.82	6.05	7.66	8.09	15.50	-0.95	43.33%	-8.93%
232	Fencing	M	18	75	2.14	3.54	4.87	6.16	8.28	7.74	16.03	-1.07	43.87%	-10.09%
233	Fencing	M	22	76	2.12	3.47	4.71	5.95	7.81	8.36	16.33	-0.93	44.24%	-8.76%
234	Fencing	M	20	78	2.18	3.54	4.78	6.08	7.17	8.43	15.12	-0.85	42.75%	-8.02%
235	Fencing	M	20	78	2.19	3.54	4.83	6.11	7.37	8.19	15.09	-0.90	42.81%	-8.49%
236	Fencing	M	22	78	2.09	3.47	4.70	5.94	8.15	8.23	16.78	-0.99	44.75%	-9.29%
237	Fencing	M	20	94	2.20	3.62	4.92	6.21	7.38	7.88	14.54	-0.94	42.22%	-8.87%
238	Fencing	W	19	59	2.29	3.75	5.11	6.50	6.83	7.64	13.05	-0.89	40.31%	-8.50%
239	Fencing	W	18	62	2.34	3.91	5.41	6.91	7.23	6.82	12.33	-1.06	39.38%	-10.14%
240	Fencing	W	20	66	2.28	3.72	5.10	6.44	7.05	7.58	13.35	-0.93	40.74%	-8.84%
241	Fencing	W	19	68	2.40	3.94	5.42	6.92	6.51	7.02	11.43	-0.93	38.16%	-8.90%
242	Fencing	W	19	68	2.39	3.96	5.45	6.95	6.67	6.90	11.51	-0.97	38.29%	-9.29%
243	Handball	M	29	78	1.99	3.27	4.45	5.62	9.08	8.73	19.82	-1.04	47.74%	-9.64%
244	Handball	M	24	79	2.01	3.23	4.39	5.52	8.57	9.17	19.65	-0.93	47.59%	-8.64%
245	Handball	M	23	84	2.00	3.24	4.38	5.53	8.54	9.20	19.65	-0.93	47.58%	-8.59%
246	Handball	M	28	85	1.97	3.20	4.35	5.47	8.95	9.15	20.48	-0.98	48.37%	-9.02%
247	Handball	M	22	85	2.04	3.32	4.51	5.69	8.43	8.76	18.47	-0.96	46.48%	-8.96%
248	Handball	M	28	85	2.00	3.23	4.38	5.47	8.62	9.17	19.76	-0.94	47.71%	-8.70%
249	Handball	M	25	87	2.06	3.26	4.40	5.54	7.79	9.56	18.61	-0.81	46.33%	-7.55%
250	Handball	M	22	89	2.03	3.28	4.44	5.55	8.32	9.07	18.86	-0.92	46.82%	-8.51%
251	Handball	M	27	94	2.02	3.25	4.41	5.53	8.44	9.13	19.26	-0.93	47.23%	-8.58%
252	Handball	M	23	96	2.05	3.31	4.46	5.62	7.99	9.14	18.26	-0.87	46.17%	-8.14%
253	Handball	M	22	97	2.03	3.24	4.37	5.50	8.08	9.48	19.14	-0.85	46.97%	-7.89%
254	Handball	M	24	97	2.08	3.40	4.62	5.81	8.17	8.47	17.32	-0.96	45.32%	-9.04%
255	Handball	M	23	98	2.08	3.36	4.55	5.72	7.94	8.83	17.52	-0.90	45.47%	-8.40%
256	Handball	M	32	99	1.95	3.17	4.29	5.37	9.07	9.29	21.07	-0.98	48.91%	-9.01%
257	Handball	M	20	100	2.05	3.28	4.43	5.57	7.99	9.27	18.52	-0.86	46.39%	-8.01%
258	Handball	M	19	104	2.06	3.34	4.49	5.66	7.88	9.06	17.85	-0.87	45.75%	-8.11%
259	Handball	M	20	106	2.10	3.38	4.64	5.88	8.22	8.42	17.29	-0.98	45.30%	-9.16%
260	Handball	M	19	106	1.97	3.18	4.24	5.37	8.28	9.90	20.49	-0.84	48.18%	-7.70%
261	Handball	W	29	61	2.04	3.31	4.49	5.69	8.34	8.91	18.58	-0.94	46.56%	-8.68%
262	Handball	W	22	63	2.08	3.35	4.59	5.83	8.30	8.60	17.83	-0.97	45.84%	-9.00%
263	Handball	W	23	66	2.11	3.43	4.70	5.96	8.17	8.28	16.90	-0.99	44.88%	-9.24%
264	Handball	W	24	66	2.12	3.50	4.76	6.04	8.00	8.13	16.26	-0.98	44.19%	-9.24%
265	Handball	W	36	66	2.23	3.62	4.93	6.24	7.11	8.02	14.25	-0.89	41.79%	-8.39%
266	Handball	W	20	67	2.18	3.59	4.91	6.21	7.73	7.81	15.09	-0.99	42.88%	-9.34%
267	Handball	W	24	68	2.15	3.54	4.81	6.08	7.72	8.09	15.61	-0.95	43.46%	-8.98%
268	Handball	W	25	68	2.04	3.31	4.49	5.66	8.34	8.89	18.55	-0.94	46.54%	-8.72%
269	Handball	W	29	69	2.12	3.43	4.68	5.91	7.90	8.44	16.67	-0.93	44.61%	-8.76%
270	Handball	W	32	70	2.15	3.50	4.76	6.02	7.63	8.29	15.81	-0.92	43.66%	-8.65%
271	Handball	W	25	70	2.12	3.43	4.68	5.88	7.90	8.44	16.67	-0.94	44.61%	-8.76%
272	Handball	W	24	70	2.03	3.26	4.42	5.55	8.30	9.19	19.07	-0.90	47.01%	-8.37%
273	Handball	W	31	71	2.09	3.45	4.68	5.93	8.14	8.31	16.91	-0.98	44.88%	-9.18%
274	Handball	W	31	71	2.15	3.51	4.81	6.10	7.92	8.03	15.89	-0.99	43.79%	-9.28%
275	Handball	W	25	72	2.22	3.63	4.98	6.35	7.48	7.72	14.44	-0.97	42.10%	-9.18%
276	Handball	W	20	72	2.04	3.34	4.52	5.69	8.36	8.76	18.30	-0.95	46.30%	-8.89%
277	Handball	W	30	72	2.15	3.46	4.68	5.88	7.35	8.70	15.98	-0.85	43.70%	-7.93%
278	Handball	W	33	72	2.09	3.42	4.65	5.90	8.12	8.42	17.10	-0.96	45.09%	-9.03%
279	Handball	W	23	73	2.24	3.65	5.00	6.33	7.23	7.76	14.04	-0.93	41.60%	-8.84%
280	Handball	W	19	73	2.15	3.54	4.83	6.12	7.91	7.95	15.74	-0.99	43.61%	-9.38%
281	Handball	W	26	73	2.00	3.23	4.37	5.52	8.54	9.25	19.75	-0.92	47.67%	-8.53%
282	Handball	W	29	75	2.15	3.48	4.76	6.02	7.77	8.24	15.99	-0.94	43.89%	-8.87%
283	Handball	W	25	77	2.20	3.59	4.85	6.12	7.11	8.22	14.61	-0.86	42.19%	-8.17%
284	Handball	W	27	78	2.17	3.53	4.81	6.07	7.55	8.16	15.40	-0.92	43.21%	-8.72%
285	Handball	W	31	78	2.20	3.64	4.96	6.30	7.52	7.73	14.53	-0.97	42.22%	-9.22%
286	Handball	W	27	78	2.18	3.54	4.82	6.10	7.44	8.18	15.21	-0.91	42.97%	-8.58%
287	Handball	W	21	79	2.18	3.53	4.83	6.13	7.57	8.10	15.33	-0.93	43.14%	-8.82%
288	Handball	W	20	80	2.19	3.59	4.95	6.30	7.89	7.65	15.09	-1.03	42.87%	-9.76%
289	Handball	W	17	81	2.18	3.59	4.91	6.23	7.73	7.79	15.06	-0.99	42.85%	-9.39%
290	Handball	W	22	82	2.22	3.59	4.90	6.18	7.21	8.04	14.50	-0.90	42.12%	-8.49%
291	Handball	W	31	83	2.34	3.81	5.18	6.55	6.44	7.60	12.23	-0.85	39.14%	-8.10%
292	Handball	W	22	87	2.14	3.54	4.82	6.08	7.92	7.96	15.75	-1.00	43.64%	-9.40%
293	Ice_hockey	M	24	76	2.02	3.21	4.36	5.50	8.35	9.43	19.68	-0.89	47.54%	-8.17%
294	Ice_hockey	M	21	77	1.98	3.15	4.26	5.37	8.54	9.75	20.82	-0.88	48.57%	-8.04%
295	Ice_hockey	M	20	79	2.03	3.27	4.44	5.61	8.39	9.06	19.00	-0.93	46.97%	-8.58%
296	Ice_hockey	M	21	80	2.02	3.22	4.34	5.43	8.11	9.62	19.52	-0.84	47.29%	-7.78%
297	Ice_hockey	M	20	81	1.94	3.17	4.29	5.38	9.22	9.25	21.32	-1.00	49.12%	-9.17%
298	Ice_hockey	M	28	82	2.18	3.46	4.68	5.87	7.04	8.89	15.65	-0.79	43.14%	-7.43%
299	Ice_hockey	M	18	83	2.03	3.28	4.45	5.59	8.39	9.01	18.90	-0.93	46.88%	-8.65%
300	Ice_hockey	M	22	83	2.08	3.41	4.62	5.81	8.10	8.52	17.24	-0.95	45.23%	-8.90%
301	Ice_hockey	M	28	83	2.15	3.49	4.74	6.02	7.56	8.37	15.83	-0.90	43.66%	-8.49%
302	Ice_hockey	M	22	84	1.98	3.18	4.28	5.35	8.47	9.67	20.46	-0.88	48.24%	-8.06%
303	Ice_hockey	M	23	86	1.95	3.16	4.31	5.41	9.34	9.14	21.34	-1.02	49.12%	-9.42%
304	Ice_hockey	M	24	86	1.97	3.23	4.48	5.65	10.01	8.36	20.94	-1.20	48.41%	-11.11%
305	Ice_hockey	M	26	87	1.98	3.20	4.32	5.43	8.64	9.39	20.29	-0.92	48.17%	-8.49%
306	Ice_hockey	M	16	87	2.03	3.31	4.48	5.62	8.41	8.87	18.64	-0.95	46.64%	-8.81%
307	Ice_hockey	M	23	87	1.98	3.23	4.39	5.59	9.00	8.96	20.15	-1.01	48.08%	-9.30%
308	Ice_hockey	M	20	88	2.05	3.31	4.48	5.64	8.08	9.05	18.27	-0.89	46.21%	-8.30%
309	Ice_hockey	M	22	88	2.00	3.28	4.44	5.59	8.73	8.87	19.36	-0.98	47.34%	-9.14%
310	Ice_hockey	M	30	88	2.08	3.36	4.55	5.73	7.93	8.85	17.54	-0.90	45.48%	-8.37%
311	Ice_hockey	M	32	88	2.00	3.33	4.50	5.73	8.85	8.59	19.01	-1.03	46.99%	-9.59%
312	Ice_hockey	M	29	89	2.06	3.35	4.54	5.68	8.18	8.76	17.91	-0.93	45.91%	-8.72%
313	Ice_hockey	M	28	90	1.94	3.18	4.32	5.42	9.42	9.04	21.29	-1.04	49.07%	-9.61%
314	Ice_hockey	M	21	91	1.98	3.23	4.38	5.49	8.91	9.02	20.10	-0.99	48.03%	-9.15%
315	Ice_hockey	M	19	92	2.08	3.33	4.50	5.67	7.78	9.12	17.74	-0.85	45.59%	-7.95%
316	Ice_hockey	M	25	92	2.05	3.34	4.50	5.66	8.17	8.89	18.15	-0.92	46.13%	-8.56%
317	Ice_hockey	M	23	93	2.03	3.31	4.49	5.66	8.49	8.79	18.66	-0.97	46.67%	-8.99%
318	Ice_hockey	M	27	93	2.04	3.34	4.52	5.68	8.37	8.73	18.26	-0.96	46.27%	-8.94%
319	Ice_hockey	M	35	93	2.14	3.48	4.73	5.96	7.68	8.34	16.01	-0.92	43.89%	-8.66%
320	Ice_hockey	M	26	94	2.03	3.21	4.32	5.43	7.92	9.82	19.45	-0.81	47.11%	-7.45%
321	Ice_hockey	M	30	94	2.09	3.38	4.52	5.72	7.46	9.20	17.16	-0.81	44.86%	-7.57%
322	Ice_hockey	M	35	95	2.12	3.44	4.64	5.92	7.55	8.69	16.41	-0.87	44.24%	-8.15%
323	Ice_hockey	M	29	96	2.04	3.29	4.45	5.59	8.19	9.08	18.60	-0.90	46.56%	-8.39%
324	Ice_hockey	M	27	99	1.95	3.14	4.21	5.29	8.62	9.86	21.26	-0.87	48.96%	-8.03%
325	Ice_hockey	M	27	102	2.04	3.31	4.48	5.62	8.28	8.91	18.45	-0.93	46.44%	-8.65%
326	Ice_hockey	M	21	112	2.12	3.47	4.73	6.02	8.00	8.19	16.37	-0.98	44.32%	-9.20%
327	Mogul_skiing	M	21	65	2.11	3.38	4.57	5.72	7.51	9.08	17.04	-0.83	44.78%	-7.70%
328	Mogul_skiing	M	18	67	2.01	3.25	4.41	5.52	8.61	9.10	19.58	-0.95	47.52%	-8.74%
329	Mogul_skiing	M	21	67	2.01	3.29	4.47	5.61	8.75	8.80	19.25	-0.99	47.22%	-9.21%
330	Mogul_skiing	M	19	68	2.01	3.30	4.47	5.64	8.62	8.83	19.04	-0.98	47.02%	-9.05%
331	Mogul_skiing	M	27	68	2.06	3.31	4.51	5.67	8.22	8.92	18.33	-0.92	46.30%	-8.56%
332	Mogul_skiing	M	17	69	2.01	3.27	4.44	5.59	8.67	8.94	19.38	-0.97	47.35%	-8.97%
333	Mogul_skiing	M	20	70	2.05	3.34	4.58	5.76	8.68	8.48	18.41	-1.02	46.40%	-9.53%
334	Mogul_skiing	M	20	74	2.05	3.33	4.53	5.69	8.38	8.74	18.30	-0.96	46.30%	-8.92%
335	Mogul_skiing	M	20	75	2.06	3.32	4.51	5.62	8.17	8.91	18.19	-0.92	46.16%	-8.52%
336	Mogul_skiing	M	23	77	2.08	3.36	4.53	5.69	7.78	9.01	17.53	-0.86	45.39%	-8.04%
337	Mogul_skiing	M	19	78	2.05	3.33	4.52	5.70	8.18	8.87	18.13	-0.92	46.11%	-8.58%
338	Mogul_skiing	M	27	79	2.09	3.42	4.69	5.91	8.43	8.20	17.28	-1.03	45.25%	-9.64%
339	Mogul_skiing	M	22	79	2.00	3.23	4.37	5.46	8.54	9.25	19.75	-0.92	47.67%	-8.52%
340	Mogul_skiing	M	23	86	2.10	3.38	4.65	5.87	8.27	8.40	17.36	-0.98	45.37%	-9.21%
341	Mogul_skiing	W	19	55	2.20	3.62	4.94	6.24	7.45	7.87	14.66	-0.95	42.35%	-8.94%
342	Mogul_skiing	W	18	58	2.17	3.56	4.85	6.20	7.62	8.04	15.31	-0.95	43.11%	-8.92%
343	Mogul_skiing	W	18	62	2.24	3.70	5.11	6.53	7.68	7.35	14.12	-1.05	41.68%	-9.93%
344	Mogul_skiing	W	19	66	2.12	3.44	4.67	5.92	7.75	8.54	16.54	-0.91	44.44%	-8.50%
345	Mogul_skiing	W	23	79	2.16	3.55	4.82	6.08	7.63	8.07	15.39	-0.94	43.21%	-8.91%
346	Nordic_combined	M	29	62	1.98	3.26	4.43	5.62	9.03	8.85	19.99	-1.02	47.90%	-9.43%
347	Nordic_combined	M	17	63	2.11	3.45	4.67	5.94	7.80	8.52	16.61	-0.92	44.52%	-8.56%
348	Nordic_combined	M	19	65	2.06	3.34	4.58	5.75	8.56	8.53	18.25	-1.00	46.25%	-9.34%
349	Nordic_combined	M	17	66	2.12	3.43	4.63	5.84	7.53	8.79	16.56	-0.86	44.36%	-8.00%
350	Nordic_combined	M	18	67	1.99	3.26	4.42	5.57	8.85	8.93	19.77	-0.99	47.72%	-9.16%
351	Nordic_combined	M	26	67	2.12	3.49	4.74	5.99	7.97	8.21	16.36	-0.97	44.29%	-9.11%
352	Nordic_combined	M	20	68	2.07	3.31	4.42	5.55	7.53	9.64	18.13	-0.78	45.71%	-7.23%
353	Nordic_combined	M	28	68	2.04	3.32	4.50	5.69	8.34	8.86	18.49	-0.94	46.48%	-8.74%
354	Nordic_combined	M	23	69	1.99	3.23	4.37	5.49	8.67	9.21	19.96	-0.94	47.87%	-8.69%
355	Nordic_combined	M	24	69	2.06	3.38	4.60	5.83	8.40	8.48	17.81	-0.99	45.81%	-9.24%
356	Nordic_combined	M	23	70	2.00	3.26	4.43	5.56	8.80	8.92	19.62	-0.99	47.58%	-9.12%
357	Nordic_combined	M	28	70	2.02	3.29	4.44	5.57	8.44	9.02	19.03	-0.94	47.00%	-8.67%
358	Nordic_combined	M	19	71	1.99	3.23	4.38	5.51	8.88	9.07	20.13	-0.98	48.05%	-9.04%
359	Nordic_combined	M	23	71	1.97	3.23	4.36	5.48	8.88	9.14	20.29	-0.97	48.19%	-8.96%
360	Nordic_combined	M	23	71	2.10	3.45	4.69	5.92	8.15	8.30	16.91	-0.98	44.89%	-9.20%
361	Nordic_combined	M	24	72	2.02	3.31	4.51	5.71	8.79	8.64	18.98	-1.02	46.96%	-9.45%
362	Nordic_combined	M	25	72	2.03	3.29	4.45	5.62	8.31	9.06	18.82	-0.92	46.78%	-8.50%
363	Nordic_combined	M	27	72	2.12	3.35	4.51	5.68	7.24	9.49	17.19	-0.76	44.67%	-7.10%
364	Nordic_combined	M	29	72	2.09	3.40	4.60	5.80	7.89	8.71	17.16	-0.91	45.10%	-8.46%
365	Nordic_combined	M	25	73	1.98	3.22	4.37	5.50	8.93	9.09	20.30	-0.98	48.20%	-9.07%
366	Nordic_combined	M	25	73	2.07	3.37	4.57	5.78	8.18	8.67	17.73	-0.94	45.72%	-8.79%
367	Nordic_combined	M	30	81	2.06	3.37	4.57	5.77	8.30	8.61	17.88	-0.96	45.89%	-9.00%
368	Ski_jumping	M	28	54	2.02	3.31	4.51	5.77	8.77	8.69	19.05	-1.01	47.02%	-9.35%
369	Ski_jumping	M	16	58	2.16	3.49	4.74	5.97	7.49	8.48	15.88	-0.88	43.66%	-8.27%
370	Ski_jumping	M	26	58	2.10	3.43	4.65	5.90	7.91	8.55	16.92	-0.92	44.85%	-8.63%
371	Ski_jumping	M	16	59	2.10	3.46	4.80	6.12	8.81	7.83	17.23	-1.13	45.04%	-10.55%
372	Ski_jumping	M	16	59	2.02	3.31	4.51	5.71	8.78	8.67	19.03	-1.01	47.00%	-9.38%
373	Ski_jumping	M	19	60	2.03	3.24	4.44	5.59	8.56	9.06	19.39	-0.95	47.34%	-8.73%
374	Ski_jumping	M	24	60	2.03	3.29	4.47	5.61	8.42	8.98	18.92	-0.94	46.88%	-8.68%
375	Ski_jumping	M	28	60	2.01	3.29	4.45	5.61	8.52	9.00	19.16	-0.95	47.12%	-8.75%
376	Ski_jumping	M	18	61	1.99	3.26	4.44	5.62	9.07	8.81	19.98	-1.03	47.88%	-9.52%
377	Ski_jumping	M	21	62	2.04	3.32	4.50	5.68	8.40	8.84	18.57	-0.95	46.55%	-8.81%
378	Ski_jumping	M	16	63	2.12	3.50	4.78	6.13	8.18	8.04	16.43	-1.02	44.35%	-9.55%
379	Ski_jumping	M	17	63	2.09	3.44	4.69	6.02	8.28	8.26	17.10	-1.00	45.07%	-9.37%
380	Ski_jumping	M	24	63	1.95	3.20	4.31	5.39	8.94	9.32	20.83	-0.96	48.67%	-8.81%
381	Ski_jumping	M	16	64	2.06	3.37	4.58	5.76	8.30	8.61	17.88	-0.96	45.88%	-8.97%
382	Ski_jumping	M	21	64	2.18	3.49	4.75	5.96	7.25	8.54	15.49	-0.85	43.16%	-7.97%
383	Ski_jumping	M	18	65	2.07	3.37	4.58	5.74	8.18	8.68	17.76	-0.94	45.74%	-8.78%
384	Ski_jumping	M	22	65	1.99	3.31	4.52	5.70	9.38	8.41	19.72	-1.12	47.51%	-10.35%
385	Ski_jumping	M	22	65	2.27	3.73	5.12	6.52	7.21	7.47	13.48	-0.97	40.92%	-9.17%
386	Ski_jumping	M	23	66	1.96	3.21	4.37	5.54	9.29	8.95	20.79	-1.04	48.62%	-9.56%
387	Ski_jumping	M	16	67	1.99	3.21	4.36	5.50	8.72	9.25	20.17	-0.94	48.07%	-8.69%
388	Ski_jumping	M	23	68	2.01	3.25	4.41	5.57	8.58	9.10	19.52	-0.94	47.47%	-8.72%
389	Ski_jumping	M	19	69	1.97	3.18	4.32	5.42	8.99	9.29	20.89	-0.97	48.73%	-8.90%
390	Ski_jumping	M	19	70	1.97	3.16	4.26	5.37	8.69	9.65	20.96	-0.90	48.73%	-8.25%
391	Ski_jumping	M	21	71	2.02	3.29	4.45	5.62	8.42	8.99	18.93	-0.94	46.90%	-8.68%
392	Ski_jumping	M	17	71	2.06	3.41	4.66	5.89	8.68	8.20	17.79	-1.06	45.75%	-9.91%
393	Ski_jumping	M	27	71	2.07	3.36	4.57	5.77	8.20	8.68	17.80	-0.94	45.79%	-8.80%
394	Ski_jumping	M	21	72	2.05	3.34	4.56	5.74	8.46	8.61	18.21	-0.98	46.22%	-9.16%
395	Ski_jumping	M	18	74	2.06	3.33	4.51	5.68	8.16	8.92	18.18	-0.91	46.15%	-8.50%
396	Ski_jumping	W	18	51	2.24	3.70	5.06	6.43	7.34	7.59	13.92	-0.97	41.46%	-9.16%
397	Ski_jumping	W	22	54	2.16	3.53	4.85	6.20	7.93	7.95	15.76	-1.00	43.63%	-9.39%
398	Ski_jumping	W	16	55	2.27	3.76	5.22	6.71	7.68	7.12	13.67	-1.08	41.08%	-10.28%
399	Ski_jumping	W	17	55	2.28	3.70	5.00	6.34	6.57	8.09	13.29	-0.81	40.40%	-7.69%
400	Ski_jumping	W	21	55	2.24	3.68	5.05	6.46	7.39	7.60	14.04	-0.97	41.62%	-9.23%
401	Ski_jumping	W	26	55	2.20	3.62	4.95	6.31	7.56	7.79	14.73	-0.97	42.44%	-9.17%
402	Ski_jumping	W	16	56	2.23	3.64	5.00	6.37	7.43	7.72	14.33	-0.96	41.96%	-9.10%
403	Ski_jumping	W	24	58	2.23	3.66	5.02	6.42	7.44	7.65	14.22	-0.97	41.84%	-9.21%
404	Ski_jumping	W	18	59	2.28	3.75	5.21	6.69	7.56	7.17	13.56	-1.05	40.97%	-10.04%
405	Ski_jumping	W	16	60	2.22	3.71	5.10	6.49	7.79	7.32	14.27	-1.06	41.84%	-10.10%
406	Ski_jumping	W	16	62	2.19	3.69	5.09	6.50	8.25	7.22	14.89	-1.14	42.43%	-10.84%
407	Snowboard	M	19	65	2.06	3.36	4.58	5.81	8.41	8.57	18.02	-0.98	46.02%	-9.13%
408	Snowboard	M	17	73	2.09	3.44	4.73	6.03	8.60	8.03	17.27	-1.07	45.19%	-10.04%
409	Snowboard	M	18	77	1.98	3.22	4.39	5.58	9.08	8.95	20.32	-1.01	48.22%	-9.38%
410	Snowboard	M	23	78	2.08	3.39	4.59	5.76	8.01	8.67	17.37	-0.92	45.33%	-8.63%
411	Snowboard	M	23	78	1.95	3.21	4.40	5.51	9.75	8.68	21.15	-1.12	48.80%	-10.38%
412	Snowboard	M	20	80	2.06	3.29	4.52	5.69	8.48	8.75	18.56	-0.97	46.56%	-9.01%
413	Snowboard	M	22	80	2.08	3.41	4.62	5.81	8.14	8.51	17.31	-0.96	45.31%	-8.94%
414	Snowboard	M	23	82	2.07	3.43	4.64	5.89	8.24	8.38	17.27	-0.98	45.26%	-9.21%
415	Snowboard	M	26	94	2.04	3.31	4.51	5.73	8.49	8.73	18.53	-0.97	46.55%	-9.06%
416	Snowboard	W	16	57	2.25	3.69	5.05	6.50	7.22	7.65	13.82	-0.94	41.33%	-8.95%
417	Snowboard	W	21	57	2.22	3.72	5.15	6.60	8.02	7.17	14.38	-1.12	41.88%	-10.63%
418	Snowboard	W	26	58	2.34	3.92	5.42	7.02	7.23	6.81	12.30	-1.06	39.34%	-10.18%
419	Snowboard	W	19	60	2.19	3.67	5.06	6.50	8.15	7.32	14.92	-1.11	42.53%	-10.56%
420	Snowboard	W	27	65	2.19	3.64	4.98	6.41	7.74	7.63	14.76	-1.01	42.48%	-9.60%
421	Soccer	M	24	65	2.07	3.38	4.58	5.77	8.13	8.68	17.63	-0.94	45.61%	-8.72%
422	Soccer	M	22	68	1.98	3.17	4.27	5.33	8.45	9.76	20.63	-0.87	48.37%	-7.94%
423	Soccer	M	16	70	2.03	3.31	4.53	5.73	8.81	8.58	18.90	-1.03	46.87%	-9.54%
424	Soccer	M	28	70	2.04	3.32	4.46	5.62	8.05	9.14	18.40	-0.88	46.30%	-8.17%
425	Soccer	M	31	70	2.03	3.25	4.49	5.68	9.07	8.64	19.60	-1.05	47.52%	-9.74%
426	Soccer	M	20	71	1.97	3.23	4.38	5.53	9.05	8.99	20.35	-1.01	48.24%	-9.30%
427	Soccer	M	23	72	1.99	3.15	4.23	5.28	8.26	10.06	20.78	-0.82	48.37%	-7.52%
428	Soccer	M	19	73	2.02	3.30	4.45	5.62	8.37	9.01	18.86	-0.93	46.83%	-8.61%
429	Soccer	M	22	74	2.05	3.30	4.49	5.67	8.29	8.93	18.52	-0.93	46.50%	-8.63%
430	Soccer	M	23	74	2.01	3.23	4.35	5.45	8.21	9.52	19.54	-0.86	47.36%	-7.96%
431	Soccer	M	24	74	1.97	3.19	4.32	5.42	8.90	9.29	20.68	-0.96	48.55%	-8.82%
432	Soccer	M	26	74	1.98	3.22	4.39	5.53	9.08	8.96	20.33	-1.01	48.22%	-9.36%
433	Soccer	M	26	74	1.98	3.21	4.37	5.48	8.91	9.10	20.28	-0.98	48.19%	-9.04%
434	Soccer	M	29	75	2.03	3.26	4.40	5.50	8.15	9.35	19.04	-0.87	46.91%	-8.06%
435	Soccer	M	30	75	1.97	3.23	4.40	5.52	9.19	8.88	20.41	-1.03	48.28%	-9.56%
436	Soccer	M	39	75	2.16	3.50	4.70	5.89	7.09	8.77	15.54	-0.81	43.09%	-7.59%
437	Soccer	M	25	76	2.00	3.21	4.30	5.38	8.06	9.85	19.86	-0.82	47.53%	-7.53%
438	Soccer	M	24	77	2.08	3.38	4.60	5.80	8.16	8.59	17.51	-0.95	45.51%	-8.87%
439	Soccer	M	26	77	2.05	3.30	4.43	5.56	7.86	9.38	18.42	-0.84	46.22%	-7.77%
440	Soccer	M	24	77	1.98	3.24	4.42	5.58	9.18	8.80	20.19	-1.04	48.08%	-9.66%
441	Soccer	M	20	78	1.97	3.19	4.31	5.39	8.78	9.38	20.58	-0.94	48.44%	-8.61%
442	Soccer	M	33	78	2.07	3.35	4.55	5.72	8.12	8.77	17.82	-0.93	45.80%	-8.63%
443	Soccer	M	19	78	1.96	3.20	4.32	5.44	9.00	9.21	20.72	-0.98	48.59%	-9.01%
444	Soccer	M	21	78	2.07	3.35	4.54	5.72	7.98	8.89	17.73	-0.90	45.67%	-8.36%
445	Soccer	M	26	78	1.98	3.25	4.39	5.53	8.78	9.04	19.84	-0.97	47.79%	-8.98%
446	Soccer	M	27	78	1.94	3.10	4.21	5.32	9.16	9.64	22.09	-0.95	49.77%	-8.69%
447	Soccer	M	32	78	2.00	3.22	4.34	5.44	8.37	9.47	19.80	-0.88	47.66%	-8.16%
448	Soccer	M	26	79	2.03	3.20	4.31	5.44	7.97	9.86	19.64	-0.81	47.29%	-7.45%
449	Soccer	M	22	79	2.03	3.24	4.41	5.58	8.38	9.20	19.27	-0.91	47.21%	-8.44%
450	Soccer	M	23	79	2.02	3.23	4.40	5.52	8.45	9.20	19.44	-0.92	47.37%	-8.50%
451	Soccer	M	24	79	1.96	3.12	4.21	5.26	8.59	9.95	21.36	-0.86	49.01%	-7.90%
452	Soccer	M	23	79	1.92	3.09	4.20	5.27	9.41	9.57	22.50	-0.98	50.13%	-8.99%
453	Soccer	M	25	80	2.07	3.26	4.41	5.47	7.79	9.52	18.54	-0.82	46.28%	-7.58%
454	Soccer	M	26	80	2.06	3.34	4.56	5.76	8.42	8.61	18.11	-0.98	46.12%	-9.12%
455	Soccer	M	27	80	1.94	3.14	4.22	5.31	8.84	9.72	21.50	-0.91	49.22%	-8.34%
456	Soccer	M	27	80	1.95	3.20	4.33	5.44	9.17	9.11	20.88	-1.01	48.73%	-9.28%
457	Soccer	M	25	81	2.04	3.31	4.49	5.68	8.39	8.84	18.54	-0.95	46.54%	-8.82%
458	Soccer	M	28	81	1.98	3.19	4.33	5.44	8.80	9.31	20.46	-0.95	48.35%	-8.71%
459	Soccer	M	30	81	2.02	3.25	4.41	5.53	8.44	9.15	19.30	-0.92	47.25%	-8.54%
460	Soccer	M	25	82	2.11	3.38	4.53	5.68	7.30	9.29	16.97	-0.79	44.55%	-7.33%
461	Soccer	M	23	82	1.98	3.17	4.28	5.36	8.62	9.59	20.69	-0.90	48.49%	-8.27%
462	Soccer	M	26	82	1.97	3.18	4.27	5.37	8.52	9.67	20.60	-0.88	48.38%	-8.10%
463	Soccer	M	28	82	2.03	3.30	4.45	5.54	8.25	9.04	18.65	-0.91	46.61%	-8.47%
464	Soccer	M	30	82	1.97	3.17	4.27	5.35	8.58	9.64	20.68	-0.89	48.47%	-8.18%
465	Soccer	M	20	83	2.07	3.36	4.54	5.73	8.01	8.84	17.71	-0.91	45.66%	-8.45%
466	Soccer	M	23	83	2.06	3.28	4.41	5.53	7.74	9.55	18.49	-0.81	46.20%	-7.51%
467	Soccer	M	24	83	2.02	3.25	4.35	5.43	7.98	9.62	19.20	-0.83	46.94%	-7.66%
468	Soccer	M	19	84	1.95	3.18	4.30	5.41	9.00	9.30	20.94	-0.97	48.79%	-8.91%
469	Soccer	M	27	84	1.97	3.15	4.23	5.30	8.43	9.94	20.94	-0.85	48.61%	-7.78%
470	Soccer	M	23	85	2.08	3.33	4.52	5.69	7.97	8.96	17.85	-0.89	45.79%	-8.29%
471	Soccer	M	30	85	2.03	3.28	4.41	5.55	8.18	9.24	18.90	-0.89	46.82%	-8.21%
472	Soccer	M	32	87	2.04	3.27	4.43	5.51	8.16	9.21	18.78	-0.89	46.70%	-8.22%
473	Soccer	M	28	87	1.98	3.30	4.48	5.64	9.23	8.54	19.70	-1.08	47.57%	-10.05%
474	Soccer	M	23	89	1.87	3.08	4.16	5.20	9.95	9.45	23.51	-1.05	50.91%	-9.62%
475	Soccer	M	22	90	2.07	3.33	4.51	5.66	7.97	8.98	17.89	-0.89	45.83%	-8.28%
476	Soccer	M	25	92	2.00	3.24	4.38	5.53	8.55	9.18	19.62	-0.93	47.57%	-8.62%
477	Soccer	M	27	94	2.05	3.28	4.42	5.52	8.00	9.29	18.59	-0.86	46.46%	-8.00%
478	Soccer	W	21	53	2.17	3.52	4.82	6.08	7.67	8.14	15.61	-0.94	43.44%	-8.85%
479	Soccer	W	27	53	2.11	3.47	4.75	6.03	8.25	8.11	16.73	-1.02	44.68%	-9.53%
480	Soccer	W	25	54	2.22	3.59	4.87	6.16	7.06	8.25	14.57	-0.86	42.10%	-8.06%
481	Soccer	W	26	55	2.17	3.54	4.84	6.12	7.68	8.07	15.48	-0.95	43.30%	-8.95%
482	Soccer	W	25	55	2.20	3.67	5.02	6.35	7.73	7.54	14.57	-1.03	42.24%	-9.71%
483	Soccer	W	25	56	2.17	3.54	4.81	6.07	7.51	8.21	15.41	-0.92	43.19%	-8.61%
484	Soccer	W	21	56	2.32	3.82	5.26	6.68	7.02	7.22	12.66	-0.97	39.86%	-9.27%
485	Soccer	W	25	56	2.06	3.38	4.63	5.87	8.66	8.33	18.02	-1.04	46.00%	-9.69%
486	Soccer	W	26	57	2.11	3.48	4.74	0.50	8.11	8.17	16.57	-0.99	44.51%	-9.30%
487	Soccer	W	21	57	2.10	3.42	4.64	5.86	7.98	8.54	17.03	-0.93	44.98%	-8.72%
488	Soccer	W	20	58	2.11	3.47	4.75	5.99	8.26	8.10	16.72	-1.02	44.66%	-9.56%
489	Soccer	W	22	58	2.14	3.47	4.70	5.96	7.61	8.52	16.20	-0.89	44.04%	-8.36%
490	Soccer	W	35	58	2.24	3.70	5.06	6.45	7.36	7.57	13.91	-0.97	41.46%	-9.22%
491	Soccer	W	24	59	2.20	3.62	4.94	6.27	7.50	7.83	14.68	-0.96	42.38%	-9.05%
492	Soccer	W	20	59	2.10	3.40	4.61	5.80	7.80	8.75	17.07	-0.89	44.97%	-8.31%
493	Soccer	W	19	60	2.12	3.45	4.68	5.90	7.75	8.51	16.50	-0.91	44.39%	-8.52%
494	Soccer	W	22	60	2.19	3.54	4.82	6.04	7.30	8.28	15.11	-0.88	42.80%	-8.30%
495	Soccer	W	23	60	2.13	3.47	4.69	5.94	7.55	8.57	16.17	-0.88	43.98%	-8.25%
496	Soccer	W	26	60	2.19	3.55	4.79	6.07	7.11	8.46	15.04	-0.84	42.62%	-7.91%
497	Soccer	W	26	61	2.13	3.37	4.66	5.83	8.06	8.50	17.12	-0.95	45.09%	-8.85%
498	Soccer	W	21	61	2.26	3.68	4.99	6.30	6.82	7.98	13.60	-0.85	40.92%	-8.09%
499	Soccer	W	24	61	2.17	3.54	4.79	6.07	7.33	8.34	15.28	-0.88	42.98%	-8.27%
500	Soccer	W	27	61	2.15	3.48	4.72	5.95	7.44	8.52	15.85	-0.87	43.62%	-8.19%
501	Soccer	W	23	62	2.14	3.48	4.74	6.03	7.74	8.33	16.10	-0.93	43.99%	-8.72%
502	Soccer	W	21	62	2.20	3.60	4.92	6.23	7.45	7.91	14.72	-0.94	42.42%	-8.90%
503	Soccer	W	21	62	2.24	3.68	5.03	6.37	7.23	7.69	13.90	-0.94	41.43%	-8.92%
504	Soccer	W	21	62	2.09	3.40	4.62	5.82	8.03	8.59	17.24	-0.94	45.21%	-8.73%
505	Soccer	W	22	62	2.08	3.34	4.51	5.66	7.77	9.13	17.73	-0.85	45.56%	-7.91%
506	Soccer	W	23	62	2.13	3.48	4.83	6.16	8.54	7.81	16.66	-1.09	44.51%	-10.29%
507	Soccer	W	25	62	2.14	3.42	4.62	5.82	7.31	8.97	16.40	-0.81	44.06%	-7.61%
508	Soccer	W	27	62	2.17	3.54	4.81	6.12	7.48	8.21	15.35	-0.91	43.12%	-8.57%
509	Soccer	W	27	62	2.26	3.71	5.09	6.49	7.29	7.52	13.69	-0.97	41.19%	-9.21%
510	Soccer	W	29	62	2.15	3.56	4.82	6.03	7.65	8.08	15.47	-0.95	43.29%	-8.92%
511	Soccer	W	31	62	2.18	3.59	4.93	6.27	7.86	7.73	15.19	-1.02	42.98%	-9.61%
512	Soccer	W	26	62	2.10	3.43	4.64	5.83	7.88	8.58	16.90	-0.92	44.83%	-8.59%
513	Soccer	W	19	63	2.19	3.57	4.86	6.18	7.36	8.12	14.95	-0.91	42.65%	-8.55%
514	Soccer	W	22	63	2.10	3.43	4.65	5.85	7.81	8.59	16.77	-0.91	44.68%	-8.51%
515	Soccer	W	24	63	2.19	3.59	4.97	6.29	8.02	7.59	15.23	-1.06	42.98%	-10.00%
516	Soccer	W	26	63	2.07	3.47	4.74	6.00	8.75	7.94	17.37	-1.10	45.24%	-10.34%
517	Soccer	W	24	63	2.19	3.54	4.90	6.21	7.86	7.84	15.40	-1.00	43.23%	-9.47%
518	Soccer	W	25	63	2.21	3.67	5.04	6.42	7.75	7.48	14.49	-1.04	42.14%	-9.83%
519	Soccer	W	30	63	2.13	3.45	4.68	5.92	7.61	8.59	16.34	-0.89	44.18%	-8.29%
520	Soccer	W	32	63	2.12	3.40	4.62	5.80	7.67	8.77	16.82	-0.87	44.68%	-8.17%
521	Soccer	W	20	63	2.16	3.52	4.77	6.03	7.41	8.36	15.49	-0.89	43.24%	-8.33%
522	Soccer	W	28	64	2.09	3.40	4.61	5.83	7.93	8.66	17.16	-0.92	45.11%	-8.55%
523	Soccer	W	21	64	2.12	3.49	4.78	6.06	8.21	8.02	16.46	-1.02	44.38%	-9.63%
524	Soccer	W	20	64	2.16	3.56	4.86	6.16	7.90	7.89	15.57	-1.00	43.42%	-9.44%
525	Soccer	W	24	64	2.20	3.59	4.86	6.16	7.18	8.17	14.68	-0.88	42.29%	-8.30%
526	Soccer	W	19	64	2.23	3.65	5.02	6.39	7.50	7.62	14.29	-0.98	41.93%	-9.32%
527	Soccer	W	29	65	2.19	3.60	4.92	6.25	7.61	7.84	14.91	-0.97	42.66%	-9.18%
528	Soccer	W	22	65	2.19	3.55	4.84	6.10	7.39	8.17	15.09	-0.90	42.81%	-8.53%
529	Soccer	W	22	65	2.15	3.50	4.76	6.05	7.63	8.30	15.83	-0.92	43.67%	-8.63%
530	Soccer	W	21	65	2.15	3.48	4.73	5.99	7.57	8.42	15.93	-0.90	43.76%	-8.44%
531	Soccer	W	23	65	2.14	3.43	4.62	5.84	7.22	9.01	16.27	-0.80	43.87%	-7.49%
532	Soccer	W	25	65	2.19	3.60	4.89	6.19	7.41	7.99	14.80	-0.93	42.50%	-8.76%
533	Soccer	W	28	65	2.20	3.57	4.84	6.13	7.16	8.27	14.79	-0.87	42.39%	-8.17%
534	Soccer	W	28	65	2.19	3.59	4.93	6.24	7.76	7.76	15.07	-1.00	42.84%	-9.45%
535	Soccer	W	31	65	2.18	3.58	4.89	6.19	7.65	7.90	15.11	-0.97	42.90%	-9.14%
536	Soccer	W	19	66	2.04	3.37	4.63	5.91	9.04	8.18	18.50	-1.10	46.37%	-10.32%
537	Soccer	W	20	66	2.33	3.83	5.24	6.67	6.79	7.32	12.42	-0.93	39.53%	-8.85%
538	Soccer	W	23	66	2.15	3.49	4.78	6.04	7.85	8.17	16.03	-0.96	43.94%	-9.04%
539	Soccer	W	29	66	2.09	3.47	4.70	5.98	8.16	8.23	16.78	-0.99	44.75%	-9.29%
540	Soccer	W	20	67	2.29	3.71	5.09	6.46	6.95	7.65	13.30	-0.91	40.65%	-8.63%
541	Soccer	W	22	67	2.18	3.59	4.92	6.21	7.79	7.77	15.14	-1.00	42.92%	-9.48%
542	Soccer	W	20	67	2.22	3.58	4.85	6.15	6.97	8.33	14.52	-0.84	42.00%	-7.91%
543	Soccer	W	21	67	2.27	3.73	5.09	6.41	7.04	7.60	13.38	-0.93	40.78%	-8.81%
544	Soccer	W	23	67	2.22	3.64	4.98	6.33	7.46	7.74	14.43	-0.96	42.09%	-9.13%
545	Soccer	W	24	67	2.21	3.62	4.98	6.32	7.66	7.67	14.67	-1.00	42.39%	-9.45%
546	Soccer	W	24	67	2.20	3.54	4.78	6.05	6.96	8.57	14.92	-0.81	42.39%	-7.65%
547	Soccer	W	26	67	2.15	3.47	4.70	5.91	7.45	8.58	15.98	-0.87	43.75%	-8.14%
548	Soccer	W	31	67	2.25	3.69	5.03	6.38	7.09	7.73	13.70	-0.92	41.16%	-8.70%
549	Soccer	W	23	67	2.14	3.46	4.69	5.91	7.56	8.55	16.17	-0.88	44.00%	-8.29%
550	Soccer	W	20	67	2.25	3.71	5.09	6.46	7.31	7.51	13.72	-0.97	41.23%	-9.25%
551	Soccer	W	24	68	2.14	3.49	4.73	5.97	7.70	8.34	16.05	-0.92	43.92%	-8.67%
552	Soccer	W	21	68	2.20	3.60	4.96	6.32	7.77	7.69	14.94	-1.01	42.69%	-9.57%
553	Soccer	W	24	68	2.21	3.63	4.98	6.33	7.59	7.68	14.58	-0.99	42.28%	-9.36%
554	Soccer	W	27	68	2.14	3.51	4.78	6.00	7.81	8.16	15.93	-0.96	43.82%	-9.00%
555	Soccer	W	29	68	2.09	3.45	4.69	5.96	8.23	8.26	17.00	-1.00	44.97%	-9.34%
556	Soccer	W	33	68	2.16	3.49	4.76	6.02	7.51	8.36	15.71	-0.90	43.51%	-8.44%
557	Soccer	W	27	68	2.20	3.60	4.91	6.24	7.40	7.93	14.68	-0.93	42.37%	-8.82%
558	Soccer	W	19	69	2.12	3.54	4.84	6.13	8.38	7.78	16.31	-1.08	44.16%	-10.15%
559	Soccer	W	19	69	2.17	3.46	4.65	5.82	6.95	9.07	15.75	-0.77	43.13%	-7.18%
560	Soccer	W	18	69	2.22	3.67	5.00	6.39	7.39	7.69	14.20	-0.96	41.82%	-9.11%
561	Soccer	W	26	70	2.17	3.56	4.86	6.16	7.69	7.97	15.31	-0.96	43.13%	-9.10%
562	Soccer	W	18	70	2.06	3.37	4.60	5.83	8.53	8.43	17.98	-1.01	45.98%	-9.45%
563	Soccer	W	19	70	2.25	3.66	4.98	6.29	6.96	7.94	13.80	-0.88	41.23%	-8.31%
564	Soccer	W	21	70	2.18	3.60	4.95	6.31	7.90	7.66	15.13	-1.03	42.90%	-9.77%
565	Soccer	W	20	71	2.05	3.35	4.59	5.81	8.71	8.41	18.31	-1.04	46.30%	-9.67%
566	Soccer	W	22	71	2.31	3.79	5.19	6.59	6.92	7.39	12.79	-0.94	40.03%	-8.93%
567	Soccer	W	22	72	2.20	3.63	4.97	6.33	7.67	7.66	14.69	-1.00	42.41%	-9.48%
568	Soccer	W	18	72	2.15	3.49	4.74	6.04	7.51	8.41	15.80	-0.89	43.61%	-8.40%
569	Soccer	W	31	72	2.32	3.84	5.28	6.72	7.03	7.14	12.55	-0.98	39.73%	-9.41%
570	Soccer	W	25	84	2.20	3.64	4.94	6.25	7.36	7.84	14.43	-0.94	42.09%	-8.91%
571	Speed_skating	M	21	63	2.11	3.35	4.52	5.63	7.42	9.33	17.31	-0.80	44.94%	-7.39%
572	Speed_skating	M	24	64	2.20	3.62	4.96	6.35	7.63	7.73	14.76	-0.99	42.48%	-9.33%
573	Speed_skating	M	19	68	2.08	3.33	4.45	5.61	7.50	9.52	17.86	-0.79	45.47%	-7.30%
574	Speed_skating	M	20	69	2.02	3.33	4.54	5.74	8.88	8.51	18.89	-1.04	46.85%	-9.71%
575	Speed_skating	M	18	73	2.15	3.48	4.71	5.90	7.42	8.56	15.87	-0.87	43.63%	-8.13%
576	Speed_skating	M	23	73	2.04	3.31	4.49	5.68	8.34	8.90	18.55	-0.94	46.54%	-8.71%
577	Speed_skating	M	18	75	2.10	3.45	4.70	6.00	8.16	8.26	16.84	-0.99	44.81%	-9.26%
578	Speed_skating	M	17	77	2.03	3.25	4.37	5.44	7.99	9.56	19.10	-0.84	46.87%	-7.72%
579	Speed_skating	M	27	77	2.10	3.41	4.66	5.86	8.11	8.42	17.09	-0.96	45.07%	-9.02%
580	Speed_skating	M	17	79	2.12	3.43	4.67	5.87	7.82	8.50	16.63	-0.92	44.55%	-8.63%
581	Speed_skating	M	23	79	2.13	3.37	4.54	5.70	7.22	9.34	16.86	-0.77	44.38%	-7.21%
582	Speed_skating	M	26	79	2.14	3.43	4.61	5.76	7.25	8.99	16.29	-0.81	43.91%	-7.54%
583	Speed_skating	M	23	80	2.12	3.38	4.58	5.73	7.53	8.98	16.91	-0.84	44.68%	-7.84%
584	Speed_skating	M	25	81	2.18	3.56	4.84	6.10	7.44	8.11	15.10	-0.92	42.85%	-8.66%
585	Speed_skating	M	28	82	1.94	3.15	4.29	5.41	9.40	9.19	21.60	-1.02	49.35%	-9.40%
586	Speed_skating	M	26	84	2.07	3.32	4.49	5.61	7.89	9.11	17.98	-0.87	45.86%	-8.06%
587	Speed_skating	M	18	85	2.17	3.52	4.76	6.00	7.30	8.43	15.37	-0.87	43.07%	-8.16%
588	Speed_skating	M	23	85	2.06	3.29	4.43	5.55	7.79	9.41	18.33	-0.83	46.10%	-7.68%
589	Speed_skating	M	26	86	2.21	3.61	4.88	6.13	7.06	8.15	14.39	-0.87	41.93%	-8.21%
590	Speed_skating	M	28	88	2.09	3.40	4.59	5.81	7.85	8.74	17.14	-0.90	45.07%	-8.40%
591	Speed_skating	M	25	91	2.13	3.37	4.54	5.75	7.23	9.31	16.83	-0.78	44.36%	-7.25%
592	Speed_skating	M	19	92	2.06	3.28	4.40	5.51	7.64	9.62	18.39	-0.79	46.04%	-7.37%
593	Speed_skating	W	30	60	2.20	3.65	4.98	6.35	7.56	7.69	14.54	-0.98	42.22%	-9.30%
594	Speed_skating	W	17	63	2.24	3.62	4.93	6.21	7.02	8.07	14.18	-0.87	41.67%	-8.23%
595	Speed_skating	W	20	63	2.12	3.54	4.86	6.21	8.45	7.72	16.30	-1.09	44.12%	-10.31%
596	Speed_skating	W	19	65	2.20	3.65	5.02	6.41	7.86	7.49	14.73	-1.05	42.41%	-9.94%
597	Speed_skating	W	24	65	2.12	3.47	4.73	6.02	7.98	8.25	16.45	-0.97	44.39%	-9.08%
598	Speed_skating	W	18	68	2.20	3.56	4.84	6.12	7.22	8.24	14.87	-0.88	42.51%	-8.27%
599	Speed_skating	W	20	68	2.17	3.56	4.84	6.12	7.56	8.07	15.25	-0.94	43.04%	-8.83%
600	Speed_skating	W	18	70	2.22	3.62	4.93	6.27	7.22	7.96	14.36	-0.91	41.96%	-8.58%
601	Speed_skating	W	19	75	2.21	3.62	4.96	6.33	7.54	7.75	14.60	-0.97	42.30%	-9.22%
602	Speed_skating	W	20	75	2.19	3.59	4.89	6.25	7.48	7.95	14.86	-0.94	42.59%	-8.89%
603	Speed_skating	W	26	75	2.31	3.79	5.21	6.65	7.00	7.31	12.80	-0.96	40.06%	-9.15%
604	Speed_skating	W	24	77	2.17	3.53	4.82	6.10	7.62	8.11	15.44	-0.94	43.26%	-8.86%
605	Table_tennis	M	24	58	2.09	3.43	4.67	5.91	8.11	8.42	17.07	-0.96	45.04%	-9.00%
606	Table_tennis	M	26	58	2.07	3.33	4.50	5.64	7.78	9.20	17.90	-0.85	45.71%	-7.84%
607	Table_tennis	M	27	64	2.09	3.42	4.66	5.87	8.20	8.39	17.21	-0.98	45.19%	-9.13%
608	Table_tennis	M	16	64	2.07	3.38	4.59	5.81	8.20	8.62	17.67	-0.95	45.66%	-8.87%
609	Table_tennis	M	19	64	2.17	3.59	4.91	6.24	7.84	7.78	15.26	-1.01	43.06%	-9.51%
610	Table_tennis	M	19	66	2.11	3.39	4.62	5.82	7.86	8.69	17.07	-0.90	44.99%	-8.44%
611	Table_tennis	M	22	69	2.18	3.56	4.85	6.11	7.48	8.10	15.13	-0.92	42.89%	-8.71%
612	Table_tennis	M	18	69	2.17	3.54	4.82	6.10	7.54	8.15	15.38	-0.93	43.17%	-8.71%
613	Table_tennis	M	21	73	2.02	3.35	4.57	5.78	8.99	8.36	18.79	-1.07	46.72%	-10.01%
614	Table_tennis	M	19	74	2.12	3.48	4.78	6.02	8.29	7.99	16.56	-1.04	44.48%	-9.75%
615	Table_tennis	M	17	78	2.27	3.77	5.17	6.60	7.30	7.30	13.33	-1.00	40.74%	-9.53%
616	Table_tennis	M	27	78	2.08	3.35	4.52	5.67	7.73	9.09	17.56	-0.85	45.39%	-7.92%
617	Table_tennis	M	21	89	2.07	3.37	4.58	5.76	8.21	8.61	17.69	-0.95	45.69%	-8.91%
618	Telemark_skiing	M	23	74	2.00	3.27	4.46	5.64	9.03	8.72	19.67	-1.04	47.60%	-9.60%
619	Telemark_skiing	M	21	79	2.05	3.35	4.53	5.73	8.30	8.73	18.13	-0.95	46.14%	-8.86%
620	Telemark_skiing	M	25	80	2.04	3.33	4.48	5.64	8.15	8.98	18.28	-0.91	46.24%	-8.44%
621	Telemark_skiing	M	23	82	2.05	3.29	4.45	5.63	8.09	9.15	18.51	-0.88	46.43%	-8.22%
622	Telemark_skiing	M	29	82	2.04	3.36	4.55	5.73	8.43	8.61	18.16	-0.98	46.17%	-9.13%
623	Telemark_skiing	M	25	83	2.08	3.39	4.62	5.83	8.29	8.45	17.50	-0.98	45.51%	-9.18%
624	Telemark_skiing	M	21	85	2.06	3.39	4.61	5.85	8.47	8.41	17.81	-1.01	45.82%	-9.42%
625	Telemark_skiing	M	22	85	2.12	3.45	4.72	5.98	8.07	8.24	16.63	-0.98	44.59%	-9.20%
626	Telemark_skiing	M	19	87	2.11	3.43	4.62	5.77	7.59	8.75	16.61	-0.87	44.45%	-8.12%
627	Telemark_skiing	M	24	87	2.16	3.49	4.75	5.98	7.51	8.38	15.74	-0.90	43.55%	-8.44%
628	Telemark_skiing	M	21	88	2.05	3.32	4.50	5.65	8.22	8.89	18.27	-0.93	46.26%	-8.61%
629	Telemark_skiing	M	24	89	2.06	3.30	4.57	5.79	8.82	8.44	18.61	-1.04	46.59%	-9.74%
630	Telemark_skiing	M	24	90	2.18	3.49	4.69	5.88	6.94	8.88	15.42	-0.78	42.85%	-7.35%
631	Telemark_skiing	W	16	60	2.47	4.09	5.64	7.23	6.29	6.66	10.48	-0.94	36.77%	-9.11%
632	Telemark_skiing	W	20	61	2.28	3.78	5.22	6.68	7.44	7.17	13.34	-1.04	40.72%	-9.89%
633	Telemark_skiing	W	17	62	2.11	3.49	4.73	5.96	7.97	8.23	16.40	-0.97	44.34%	-9.08%
634	Telemark_skiing	W	19	62	2.20	3.62	4.95	6.28	7.57	7.77	14.71	-0.97	42.42%	-9.21%
635	Telemark_skiing	W	20	65	2.23	3.63	4.97	6.29	7.30	7.83	14.29	-0.93	41.90%	-8.83%
636	Tennis	M	17	68	2.04	3.31	4.52	5.73	8.63	8.69	18.74	-0.99	46.74%	-9.23%
637	Tennis	M	17	70	2.04	3.31	4.49	5.72	8.42	8.86	18.63	-0.95	46.63%	-8.82%
638	Tennis	M	20	72	2.15	3.46	4.73	5.97	7.72	8.36	16.13	-0.92	44.01%	-8.67%
639	Tennis	M	24	73	2.00	3.28	4.45	5.62	8.81	8.83	19.44	-1.00	47.41%	-9.25%
640	Tennis	M	21	75	2.12	3.47	4.72	5.99	7.96	8.28	16.47	-0.96	44.41%	-9.02%
641	Tennis	M	24	75	2.08	3.35	4.53	5.69	7.81	9.01	17.60	-0.87	45.47%	-8.07%
642	Tennis	M	25	75	2.08	3.38	4.60	5.80	8.12	8.62	17.48	-0.94	45.47%	-8.80%
643	Tennis	M	19	76	2.10	3.36	4.56	5.76	7.76	8.93	17.33	-0.87	45.20%	-8.10%
644	Tennis	M	18	78	2.05	3.35	4.55	5.74	8.39	8.65	18.13	-0.97	46.14%	-9.04%
645	Tennis	M	18	81	2.12	3.47	4.71	5.93	7.82	8.35	16.32	-0.94	44.24%	-8.79%
646	Tennis	M	25	85	2.01	3.29	4.45	5.61	8.54	8.92	19.04	-0.96	47.04%	-8.89%
647	Tennis	W	16	62	2.16	3.52	4.80	6.10	7.65	8.17	15.64	-0.94	43.48%	-8.81%
648	Tennis	W	17	62	2.28	3.74	5.14	6.54	7.15	7.44	13.31	-0.96	40.70%	-9.14%
649	Tennis	W	17	63	2.23	3.68	5.06	6.46	7.58	7.49	14.20	-1.01	41.80%	-9.61%
650	Tennis	W	20	66	2.20	3.63	5.01	6.41	7.97	7.49	14.92	-1.06	42.62%	-10.08%
651	Tennis	W	17	68	2.22	3.66	5.01	6.38	7.49	7.63	14.29	-0.98	41.93%	-9.30%
652	Tennis	W	16	68	2.30	3.80	5.17	6.60	6.82	7.46	12.73	-0.91	39.92%	-8.72%
653	Tennis	W	20	71	2.35	3.89	5.37	6.90	6.99	6.97	12.17	-1.00	39.21%	-9.61%
654	Weight/powerlifting	M	16	57	2.12	3.48	4.77	6.05	8.20	8.08	16.56	-1.02	44.49%	-9.52%
655	Weight/powerlifting	M	24	68	2.10	3.43	4.71	5.94	8.36	8.18	17.10	-1.02	45.07%	-9.58%
656	Weight/powerlifting	M	22	75	2.13	3.42	4.61	5.78	7.33	8.99	16.48	-0.82	44.14%	-7.63%
657	Weight/powerlifting	M	21	77	2.10	3.38	4.55	5.75	7.62	9.03	17.20	-0.84	45.00%	-7.86%
658	Weight/powerlifting	M	21	78	2.01	3.28	4.43	5.55	8.50	9.02	19.17	-0.94	47.15%	-8.73%
659	Weight/powerlifting	M	19	80	2.03	3.33	4.55	5.77	8.83	8.48	18.72	-1.04	46.70%	-9.69%
660	Weight/powerlifting	M	20	83	2.14	3.50	4.76	6.01	7.73	8.24	15.93	-0.94	43.81%	-8.83%
661	Weight/powerlifting	M	22	85	2.19	3.57	4.90	6.23	7.61	7.88	15.00	-0.97	42.77%	-9.13%
662	Weight/powerlifting	M	19	89	2.02	3.31	4.53	5.73	8.97	8.49	19.04	-1.06	46.99%	-9.84%
663	Weight/powerlifting	M	31	92	2.14	3.52	4.86	6.14	8.36	7.74	16.16	-1.08	44.01%	-10.20%
664	Weight/powerlifting	M	17	103	2.23	3.61	4.95	6.25	7.31	7.85	14.34	-0.93	41.97%	-8.83%
665	Weight/powerlifting	M	20	110	2.16	3.51	4.82	6.15	7.93	7.97	15.80	-1.00	43.70%	-9.41%
666	Weight/powerlifting	M	18	146	2.17	3.55	4.86	6.09	7.78	7.88	15.32	-0.99	43.16%	-9.36%
